0 0.26952546875 0.206647125 0.152471196875 0.13503708333333334
0 0.0174301234375 0.41386085208333334 0.089866290625 0.08566095416666666
0 0.0878889859375 0.44809038125 0.08668176875 0.07321666666666667
0 0.0948906796875 0.2661944625 0.083463403125 0.08023875
0 0.21418374999999998 0.09665619375 0.086949371875 0.07470125
0 0.23984502812500003 0.007730083333333334 0.09056530625 0.07916666666666666
0 0.42885078125 0.009530208333333333 0.08551750625 0.075
0 0.376395359375 0.2138966625 0.08285311875 0.06888208333333333
0 0.4545176640625 0.20715862708333335 0.085656096875 0.08045583333333334
0 0.5198611671875 0.11374049791666667 0.08430725 0.06983095833333333
