0 0.5160426046875 0.4215074583333333 0.2765056 0.21300524166666665
0 0.419988821875 0.19304476875 0.2422300375 0.18500045416666666
0 0.0541157328125 0.1643237375 0.073240440625 0.07370017499999999
0 0.0342092796875 0.253231325 0.08078082187499999 0.08269782916666667
0 0.2704872453125 0.2972842520833333 0.11866099062499999 0.1039726
0 0.25321269062499996 0.16352040625 0.049541578125 0.052497225
0 0.21541302031249998 0.18524343541666666 0.035725478125 0.042548449999999995
0 0.6700263546875 0.17493975833333333 0.032437059375 0.025591208333333334
0 0.10002581562499999 0.29648570625000004 0.13251499375 0.12232535416666666
0 0.32621875 0.24875347291666666 0.082521121875 0.08375906666666667
