0 0.0413771875 0.19882 0.1488740625 0.12615083333333332
0 0.12805734375 0.439461875 0.1487853125 0.13390791666666668
0 0.2734375 0.42461604166666667 0.17146 0.14487833333333333
0 0.3727578125 0.5704920833333333 0.1324278125 0.12059541666666668
0 0.4304121875 0.36078083333333333 0.1422746875 0.12100791666666666
0 0.37777906250000004 0.31406375 0.13985562499999998 0.11700333333333333
0 0.19193 0.21490708333333333 0.11039406249999999 0.09861791666666667
0 0.126340625 0.1719547916666667 0.100428434375 0.09439541666666668
0 0.2756296875 0.20164875 0.10953379999999999 0.09823625
0 0.06715203125 0.037766666666666664 0.0655859375 0.057492499999999995
0 0.39776 0.051021250000000004 0.0657596875 0.06323208333333334
0 0.009131562499999999 0.4617266666666667 0.1425065625 0.10211125
0 0.21830546874999998 0.14062833333333333 0.0824909375 0.0776375
