0 0.24823402031250003 0.17369890624999998 0.192909403125 0.20007468333333334
0 0.1452871875 0.60364125 0.047845625 0.04152458333333333
0 0.19575015625 0.5838439583333332 0.0479071875 0.03895875
0 0.2462746875 0.5737452083333333 0.044720625 0.036392916666666664
0 0.29457468750000004 0.5809189583333333 0.048507499999999995 0.04160666666666667
0 0.18721390625 0.6907222916666667 0.0447821875 0.033909166666666664
0 0.2326890625 0.6835072916666667 0.049769999999999995 0.03984125
0 0.27311484375 0.686073125 0.052833125 0.03904083333333333
0 0.311885625 0.7041460416666666 0.0491078125 0.03895875
0 0.3384257171875 0.7479072916666667 0.049769999999999995 0.040724166666666665
0 0.33998828125 0.6010754166666668 0.038470625 0.03479208333333333
