0 0.24150642968749997 0.150286325 0.165356196875 0.16115385
0 0.575135853125 0.21603913541666667 0.18009454375 0.16191018750000002
0 0.01806640625 0.13333333333333333 0.046240121875 0.0395625375
0 0.045796875 0.035124999999999997 0.0364479375 0.03581229166666667
0 0.08798245625 0.12732456041666668 0.032733875 0.026859004166666665
0 0.10654761875 0.13759920625 0.032241959375000004 0.02745185
0 0.0727467109375 0.2637938604166667 0.04571230625 0.0406699375
0 0.033903834375000004 0.40169136666666666 0.047205934375 0.04627495833333333
0 0.0179934203125 0.3275657895833334 0.070664803125 0.051276699999999995
0 0.41859374843749997 0.27821428541666665 0.04149279375 0.038266525
0 0.48762786093750005 0.3891874708333333 0.06095271249999999 0.05780510416666666
0 0.4693359375 0.04140625 0.039992521875 0.038636379166666665
0 0.522850378125 0.29161616250000005 0.03480550625 0.038809712499999996
0 0.6828492640625 0.18127451041666667 0.043957965625 0.045470025
0 0.3625 0.057894737499999994 0.037151415625 0.037390562499999995
