0 0.26248610625 0.27744646458333333 0.265326796875 0.234919775
0 0.0946946734375 0.43442814583333333 0.041633496874999995 0.044721250000000004
0 0.1371373578125 0.4310709166666667 0.0423633375 0.04269224583333333
0 0.1772656265625 0.434207175 0.039463234375 0.042426758333333335
0 0.3429031890625 0.4428103145833333 0.037538559375 0.036229375
0 0.3831688625 0.435264375 0.036821243749999996 0.036142774999999995
0 0.41001172500000005 0.4328529916666667 0.036809049999999996 0.036662549999999995
0 0.4585000015625 0.43419270833333334 0.04044409375 0.0425375
0 0.497338275 0.4388252458333334 0.042496875 0.040127595833333335
0 0.52366590625 0.43860741875000003 0.035833375 0.03711604583333334
