0 0.048266703125 0.2374614 0.16934644999999998 0.13333333333333333
0 0.219389671875 0.21990789583333334 0.19715245625 0.14583333333333334
0 0.13668106875 0.03460610833333333 0.08457140937499999 0.07083333333333333
0 0.1862924953125 0.03370992083333334 0.08898545 0.0875
0 0.26803526875 0.07287708333333334 0.10980812499999999 0.1
0 0.3871843421875 0.0359775625 0.13798756875 0.11666666666666667
0 0.511612265625 0.1210226375 0.129328921875 0.10833333333333334
0 0.42491346874999997 0.28635375 0.2219459375 0.19166666666666668
0 0.5985384375 0.074766875 0.1789506625 0.1625
0 0.08557953125 0.20449854166666667 0.135966875 0.11666666666666667
