0 0.1643257921875 0.18355996458333335 0.19131113125000002 0.15363397916666666
0 0.334341171875 0.24261568749999998 0.13033254375 0.11137113333333333
0 0.1769436375 0.5522830541666667 0.212456625 0.18778875833333333
0 0.4350085359375 0.2880263520833333 0.151451353125 0.12239761249999999
0 0.5092514453125 0.12868899583333335 0.12742029375 0.09732668333333333
0 0.46458171249999997 0.099972775 0.094531409375 0.08313072083333334
0 0.0195498515625 0.08329081666666666 0.0489166375 0.0443306875
0 0.06833545937499999 0.060892856249999995 0.04599196875 0.0431144875
0 0.08920522812500001 0.08390925416666667 0.04079731875 0.04087984583333334
0 0.1000551796875 0.15916589166666667 0.067669015625 0.0608046625
0 0.2404147203125 0.144423675 0.061168303125000004 0.053511500000000004
0 0.057143635937500006 0.2800603020833333 0.158545353125 0.13594384166666668
0 0.393979878125 0.09826314791666667 0.04712905 0.050342624999999995
0 0.393735665625 0.14169055833333333 0.04573636875 0.047065120833333335
0 0.645133809375 0.10627955 0.07337490625000001 0.06336919166666667
