0 0.0183930484375 0.08558428958333333 0.07221634375 0.06369039166666667
0 0.059619140625 0.0726953125 0.058698865625 0.053218016666666666
0 0.106100359375 0.19621844791666668 0.0891117625 0.07836914583333333
0 0.03852809375 0.3375542875 0.09876206875 0.0818493
0 0.136452878125 0.32490183125 0.0948689375 0.08406787083333334
0 0.1953693390625 0.46809886041666665 0.173524921875 0.1510878833333333
0 0.12198660624999999 0.09609179166666666 0.066867925 0.067830475
0 0.18294317031250001 0.08609133958333333 0.06105589375 0.058460579166666665
0 0.1628787875 0.21967975 0.098098965625 0.077779275
0 0.2367065421875 0.21599934791666667 0.086141115625 0.07834182083333333
0 0.29969223437500003 0.26009399375000003 0.0849791125 0.06938001666666667
0 0.3585773390625 0.24990106458333333 0.105975775 0.07860889583333333
0 0.2582938375 0.11632108958333333 0.066719390625 0.057975508333333335
0 0.2202205875 0.053725489583333334 0.047770371875 0.049647358333333336
0 0.144977678125 0.009991495833333334 0.037994390625 0.040197383333333336
0 0.2826388875 0.10787036875 0.060100787499999996 0.060209720833333334
0 0.2712890625 0.0484375 0.046194912500000004 0.04366875833333333
0 0.380709134375 0.09807692291666667 0.05505286875 0.05366955416666667
0 0.40891047187499996 0.15309684583333333 0.068710928125 0.0638655375
0 0.49290515937499996 0.25740673333333336 0.0674396625 0.056132691666666665
0 0.3833834125 0.03301281875 0.0486204 0.039971008333333335
0 0.48910030156250006 0.05771169166666667 0.057029825 0.05224924166666667
0 0.56984206875 0.10324820625 0.056293746874999995 0.055759058333333326
0 0.6267045453125 0.22451298541666667 0.091256190625 0.0785749875
0 0.6786916203125 0.15366300208333333 0.093939634375 0.079021225
0 0.6239346578125 0.10710227291666666 0.060392443750000004 0.0515476375
0 0.5405560656249999 0.029258577083333334 0.03630444375 0.03723782083333334
