0 0.0483431125 0.09519258333333333 0.117257215625 0.09667333333333333
0 0.2507906375 0.07336819374999999 0.10098358437499999 0.09052877499999999
0 0.360752990625 0.118510525 0.113340190625 0.1007530125
0 0.46493886875 0.08240575625 0.10473595 0.08824546666666667
0 0.5741951734375 0.08039477083333332 0.10247544374999999 0.09171925416666667
0 0.4333796546875 0.324740225 0.17501250937499999 0.1522183
0 0.55888449375 0.33738568333333335 0.18433895312499998 0.16073792916666668
0 0.5999169328125 0.4918596875 0.193537746875 0.1862961416666667
0 0.1651484171875 0.21171835833333336 0.15667077499999998 0.14527609166666666
0 0.703125 0.30938612083333333 0.12368419374999999 0.10602409166666667
