0 0.06658608125 0.30613312708333335 0.20353965624999998 0.18285884166666666
0 0.1671378953125 0.13794927916666666 0.09673183125 0.09224837916666666
0 0.2714954765625 0.16455462083333333 0.121317909375 0.10583797083333332
0 0.5125311703125 0.35684591875000005 0.26229815 0.23038573333333331
0 0.3896893609375 0.15140061041666666 0.072346359375 0.0671300125
0 0.46694134218750005 0.1556035854166667 0.069749184375 0.06985222083333334
0 0.45181685937499994 0.07865256250000001 0.0549005125 0.0562635
0 0.502686403125 0.07611171875 0.04785961875 0.044557983333333336
0 0.534230421875 0.077249575 0.067030378125 0.06905821250000001
0 0.63472170625 0.23026334791666667 0.15646431875 0.14296939166666667
0 0.5873247187499999 0.04406049583333334 0.046133390625 0.046660291666666666
0 0.63020185 0.08320654583333333 0.053487225000000006 0.05446857916666667
0 0.5386235953125 0.03141970833333333 0.0412234 0.0427345
