0 0.0683064375 0.11348287708333334 0.125902721875 0.10586322916666666
0 0.0702736578125 0.37761299374999996 0.11260271250000001 0.10385252916666668
0 0.0678488 0.6487439958333333 0.124443575 0.09779595
0 0.20826647343750002 0.11202808333333333 0.11604275312500001 0.10601034583333332
0 0.2104315828125 0.3867482291666667 0.134896525 0.11619865833333334
0 0.208327428125 0.64230993125 0.11499681875000001 0.10878932083333333
0 0.351723559375 0.11606998541666667 0.12017507812499999 0.1089085375
0 0.352652059375 0.37482439375 0.12457582812500001 0.11068460833333332
0 0.35253155937499997 0.64749505 0.121773340625 0.10588472916666666
0 0.4920094546875 0.12537996666666668 0.1263816125 0.09807521666666667
0 0.49559490781250004 0.37435677083333335 0.123585515625 0.10879736666666666
0 0.492711275 0.6496892312500001 0.12699181875 0.10261807916666667
0 0.63547815 0.12057113750000001 0.12463498125000001 0.10946186666666667
0 0.6401264109375 0.38474030625 0.123380490625 0.104372375
0 0.6328168984375 0.6569903833333334 0.157489828125 0.12896219166666667
