0 0.26360625 0.2271052083333333 0.1961425 0.15737416666666665
0 0.11369640624999999 0.3531230166666666 0.059986874999999995 0.058402083333333334
0 0.6723953125000001 0.461026875 0.0683664375 0.06268
0 0.505270625 0.44342208333333333 0.0646540625 0.05537416666666666
0 0.4670609375 0.40972833333333336 0.0618803125 0.059675
0 0.46100546875 0.355445625 0.0505375 0.050847916666666666
0 0.6186476562500001 0.3812714583333333 0.052448359374999996 0.056334583333333334
0 0.53071078125 0.39611280416666667 0.056866128125000005 0.053301249999999994
0 0.3510328125 0.27263416458333334 0.025588571875 0.02555625
0 0.39375625 0.308660625 0.042404375 0.04667666666666667
0 0.0525778125 0.5046585416666667 0.0734834375 0.07223
0 0.667865625 0.361334375 0.050478437499999994 0.050189583333333336
0 0.43173453124999994 0.35475708333333333 0.041648125 0.04335041666666666
0 0.45806312499999996 0.30698229166666663 0.026232187499999997 0.028737916666666665
0 0.568174375 0.363116875 0.0499003125 0.05279208333333333
0 0.64065578125 0.416021875 0.0504978125 0.05184
0 0.584375 0.40729166666666666 0.054610000000000006 0.06143
0 0.68917890625 0.39775166666666667 0.05566664375 0.05005719583333333
0 0.62796953125 0.33250868125 0.0371134375 0.04135041666666666
0 0.63760234375 0.29791666666666666 0.030414375 0.03251625
0 0.51015 0.31265555625 0.0232765625 0.024940833333333336
0 0.63885171875 0.46591854166666663 0.053934375 0.052450833333333335
