0 0.16020015625 0.31432020833333335 0.1564875 0.14981499999999998
0 0.2542475 0.29541708333333333 0.04840125 0.05057
0 0.3619977671875 0.2687329166666667 0.041178124999999996 0.0319575
0 0.01639828125 0.25360333333333335 0.0234009375 0.022800833333333333
0 0.05216 0.3125 0.027744687499999997 0.030202083333333334
0 0.0665871875 0.3152725 0.0270028125 0.034270833333333334
0 0.30695703124999996 0.308640625 0.0329734375 0.031355
0 0.27447921875 0.2740525 0.0357815625 0.0427875
0 0.31769265625 0.27747854166666663 0.023363125000000002 0.026194583333333334
0 0.45771140624999995 0.285034375 0.034298340625 0.03062875
0 0.5466552734375 0.2648654166666667 0.0578503125 0.0520032625
0 0.5914990625 0.22078124999999998 0.0884375 0.0791775
