0 0.359583153125 0.31996674999999997 0.175423565625 0.15292664583333335
0 0.5671482171875 0.3954664520833333 0.208102496875 0.17448877499999998
0 0.49486446093750003 0.23599515416666667 0.176052309375 0.15202998750000002
0 0.130697434375 0.16032634166666665 0.15619339375000002 0.12575770833333333
0 0.281617475 0.053159439583333336 0.119997078125 0.109312375
0 0.5673555734375 0.09262494583333333 0.165787546875 0.14649305416666666
0 0.10792322031249998 0.42800316666666666 0.20804809062500002 0.17192679583333334
0 0.6600918390625 0.08389104375 0.10298150312500001 0.09741195
0 0.062678709375 0.03216125625 0.073319359375 0.07344425416666667
0 0.4118801109375 0.06223585416666667 0.10194285624999999 0.10179110416666666
