0 0.25931265625 0.20591458333333332 0.1575215625 0.12965
0 0.045884353125 0.5747279166666667 0.052319375 0.04881666666666666
0 0.5083936578125 0.4846860416666667 0.059378125000000004 0.05205375
0 0.3735596875 0.46804250000000003 0.055295625 0.05298
0 0.39853328125 0.3430025 0.0584228125 0.05439583333333333
0 0.0296875 0.276655625 0.0457378125 0.04798416666666667
0 0.10165625 0.13212 0.0465509375 0.04589041666666667
0 0.06208734375 0.3125572916666667 0.0545165625 0.05341833333333333
0 0.4529896875 0.19817916666666668 0.0508 0.0421525
0 0.0127156828125 0.14345604166666667 0.0437459375 0.04540916666666666
0 0.0915640625 0.39605666666666667 0.0486078125 0.04575
