0 0.06462296875 0.6467179166666667 0.1844059375 0.17587541666666665
0 0.4046865609375 0.425620575 0.22224249999999998 0.20905458333333332
0 0.01628234375 0.41423 0.1782440625 0.16242333333333334
0 0.02379640625 0.08621958333333332 0.098538503125 0.10468999999999999
0 0.25300531249999997 0.17405395833333334 0.1203584375 0.13121625
0 0.3068063234375 0.08154937500000001 0.1471896875 0.12788
0 0.5406953125 0.14362270833333335 0.1595409375 0.15346958333333335
0 0.592546875 0.2719697916666667 0.14685187500000002 0.1611804166666667
0 0.499576875 0.40010541666666666 0.1753703125 0.15968041666666669
0 0.56898765625 0.6076843749999999 0.182148125 0.1526625
