0 0.1853593984375 0.34538682916666663 0.136900915625 0.1242858
0 0.0945857546875 0.06890880625000001 0.057711790625 0.05574283333333333
0 0.1790798609375 0.0722378625 0.050412421875 0.051860854166666664
0 0.071875 0.18645833333333334 0.05821846562500001 0.0625
0 0.08492850625000001 0.23299892291666666 0.06083324375 0.06020444166666667
0 0.17167625312499998 0.1585983291666667 0.06115003125 0.055452454166666665
0 0.07001469375 0.38907605625 0.057448200000000005 0.05694764166666667
0 0.097804909375 0.3275029520833333 0.06749841250000001 0.06478598333333334
0 0.252082040625 0.36779104583333333 0.057760071875 0.05885304166666667
0 0.013826785937499999 0.12025 0.054076840625 0.05385707083333333
