0 0.0832748427672956 0.21207466666666666 0.29962075471698113 0.1345608888888889
0 0.2577254716981132 0.4687593333333333 0.2994421383647799 0.1428351111111111
0 0.550314465408805 0.45292377777777776 0.3450767295597484 0.1545368888888889
0 0.7502044025157233 0.6085248888888889 0.26652138364779876 0.12863511111111112
0 0.8662383647798741 0.3848328888888889 0.2863389937106918 0.1290751111111111
0 0.7603100628930818 0.3350013333333333 0.2814704402515723 0.12480355555555556
0 0.386274213836478 0.22923422222222223 0.2221767295597484 0.10519244444444444
0 0.25427044025157236 0.18341844444444447 0.20212011949685535 0.10068844444444446
0 0.5547264150943396 0.21509199999999998 0.22044538364779873 0.10478533333333333
0 0.13514874213836478 0.04028444444444444 0.13199685534591196 0.06132533333333333
0 0.8005232704402515 0.05442266666666667 0.13234654088050313 0.06744755555555557
0 0.01837798742138365 0.49250844444444447 0.2868056603773585 0.10891866666666666
0 0.4393569182389937 0.15000355555555556 0.1660194968553459 0.08281333333333334
