0 0.40577041564792177 0.2196422222222222 0.24648850855745721 0.13829333333333332
0 0.07179947677261614 0.6130431111111111 0.08186894865525672 0.05207111111111111
0 0.7955304180929095 0.5169984444444444 0.09291442542787287 0.055524000000000004
0 0.5845432762836186 0.4992453333333334 0.08652616136919317 0.056512
0 0.623621760391198 0.3658693333333333 0.09141955990220049 0.05802222222222222
0 0.04645476772616137 0.2950993333333333 0.07157017114914425 0.05118311111111111
0 0.15907090464547677 0.140928 0.07284254278728607 0.04894977777777778
0 0.09715378973105135 0.33339444444444444 0.08530709046454768 0.056979555555555554
0 0.7088347188264059 0.2113911111111111 0.07949144254278728 0.044962666666666665
0 0.01989740097799511 0.15301977777777778 0.06845330073349633 0.04843644444444444
0 0.14327872860635696 0.42246044444444447 0.07606112469437654 0.0488
