0 0.09870811455847255 0.6898324444444445 0.28167016706443915 0.18760044444444443
0 0.6181369904534606 0.45399528 0.33946348448687347 0.22299155555555555
0 0.02487040572792363 0.4418453333333333 0.2722582338902148 0.17325155555555555
0 0.036347732696897374 0.09196755555555555 0.1505122720763723 0.11166933333333333
0 0.3864520286396181 0.18565755555555558 0.18384105011933174 0.139964
0 0.46863018377088306 0.08698600000000001 0.22482434367541768 0.13640533333333332
0 0.8258830548926015 0.15319755555555556 0.24369021479713604 0.1637008888888889
0 0.9050835322195705 0.29010111111111114 0.22430835322195705 0.1719257777777778
0 0.7630768496420047 0.4267791111111111 0.2678687350835322 0.1703257777777778
0 0.8690980906921242 0.6481966666666666 0.27822147971360384 0.16284
