0 0.09714693333333332 0.14222397127937336 0.1790616488888889 0.13267454308093993
0 0.09994475777777778 0.4732486605744125 0.16014608 0.13015460574412532
0 0.09649607111111111 0.8130473054830286 0.1769864177777778 0.12256411488250653
0 0.2962012066666667 0.14040073107049608 0.16503858222222223 0.1328589190600522
0 0.2992804733333333 0.48469751958224544 0.19185283555555555 0.14562756135770236
0 0.2962878977777778 0.8049837258485639 0.16355103111111113 0.13634170757180156
0 0.5002290622222223 0.1454663002610966 0.17091566666666666 0.1364911174934726
0 0.5015495955555556 0.4697538093994778 0.17717451111111113 0.13871700261096606
0 0.5013782177777778 0.811482046997389 0.17318875111111112 0.13270148825065273
0 0.69974678 0.15713416187989557 0.17974273777777777 0.12291410966057441
0 0.7048460911111112 0.4691677545691906 0.17576606666666666 0.1363517911227154
0 0.7007449244444445 0.8142319347258486 0.18061058666666668 0.1286075143603133
0 0.9037911466666666 0.15110743080939948 0.17725864000000002 0.13718458485639687
0 0.9104020066666667 0.48218106266318533 0.17547447555555556 0.1308061096605744
0 0.9000062555555556 0.8233822036553525 0.22398553333333335 0.16162363446475195
