0 0.06864597777777777 0.3210745690140845 0.24084828444444442 0.18028169014084508
0 0.3120208666666667 0.29734025352112675 0.2803946044444444 0.19718309859154928
0 0.1943908533333333 0.04679135774647887 0.12027933777777777 0.09577464788732394
0 0.26494932666666665 0.04557961126760564 0.12655708444444444 0.11830985915492957
0 0.38120571555555555 0.0985380281690141 0.15617155555555554 0.1352112676056338
0 0.5506621755555555 0.04864571830985916 0.19624898666666668 0.15774647887323945
0 0.7276263333333334 0.16363624225352114 0.18393446666666666 0.14647887323943662
0 0.6043213777777777 0.3871825352112676 0.31565644444444446 0.2591549295774648
0 0.8512546666666666 0.10109323943661973 0.2545076088888889 0.21971830985915494
0 0.1217131111111111 0.2765050704225352 0.1933751111111111 0.15774647887323945
