0 0.09470020444444444 0.4309205307917889 0.2894786222222222 0.2573966099706745
0 0.2377072288888889 0.19418080351906158 0.13757416 0.1298510909090909
0 0.3861269 0.23163113782991201 0.17254102666666665 0.1489801348973607
0 0.72893322 0.5023051055718475 0.3730462577777778 0.324296633431085
0 0.5542248688888889 0.21311522873900293 0.1028926 0.09449385923753666
0 0.6640943533333333 0.21903143988269796 0.09919884 0.09832570674486804
0 0.6425839777777778 0.11071328445747801 0.07808072888888888 0.07919788856304985
0 0.7149317733333332 0.1071367302052786 0.06806701333333333 0.06272091495601173
0 0.7597943777777778 0.10873840469208211 0.09533209333333334 0.09720804105571848
0 0.9027153155555556 0.32412436070381234 0.2225270311111111 0.2012472375366569
0 0.8353062666666666 0.06202063929618769 0.06561193333333333 0.06568017595307918
0 0.8962870755555555 0.1171235835777126 0.07607072000000001 0.0766713137829912
0 0.7660424466666668 0.04422715542521994 0.05862883555555556 0.060154134897360705
