0 0.026159002222222224 0.13925579322033899 0.10270768888888888 0.10363182372881355
0 0.08479166666666667 0.11828389830508473 0.0834828311111111 0.08659202711864407
0 0.1508982888888889 0.3192706949152542 0.1267367288888889 0.12751589830508475
0 0.054795511111111105 0.5492408745762712 0.1404616088888889 0.1331785220338983
0 0.19406631555555556 0.5286538271186441 0.1349247111111111 0.1367884
0 0.2778586155555556 0.7616523830508475 0.24679099999999998 0.24583791186440676
0 0.17349206222222222 0.15635274576271185 0.09510104888888889 0.11036823050847457
0 0.26018584222222224 0.14008082372881356 0.08683504888888889 0.09512229830508474
0 0.23164983111111112 0.35744501694915254 0.13951852888888888 0.12655610847457627
0 0.33664930444444446 0.3514565661016949 0.12251180888888888 0.1274714372881356
0 0.42622895555555557 0.42320378644067796 0.12085918222222222 0.1128895186440678
0 0.50997666 0.4066186813559322 0.1507211022222222 0.127906
0 0.36735123555555554 0.18926821355932202 0.0948898 0.09433303050847458
0 0.3132026133333334 0.08741774576271187 0.06794008444444445 0.08078214237288137
0 0.20619047555555556 0.016257349152542375 0.05403646666666667 0.06540591186440678
0 0.4019753066666667 0.17551788813559321 0.08547667555555555 0.0979683593220339
0 0.3858333333333333 0.0788135593220339 0.06569943111111111 0.07105425084745762
0 0.5414529911111111 0.15958278983050847 0.07829741333333333 0.08732673220338984
0 0.5815615599999999 0.24910673220338983 0.0977222088888889 0.10391680677966102
0 0.7010206711111111 0.4188312949152542 0.09591418666666666 0.09133454915254237
0 0.5452564088888889 0.05371577288135593 0.06914901333333334 0.06503757288135593
0 0.6956093177777778 0.09390376949152543 0.08110908444444445 0.08501571525423729
0 0.8104420533333333 0.16799708135593222 0.08006221777777776 0.0907266033898305
0 0.8913131311111111 0.36530926440677963 0.12978658222222222 0.12785082711864407
0 0.9652503044444445 0.25002793559322034 0.13360303555555555 0.12857690847457628
0 0.8873737355555555 0.17426810508474574 0.08589147555555555 0.0838741220338983
0 0.7687908488888888 0.04760717627118644 0.051632986666666665 0.06059035254237288
