0 0.5125461425389755 0.49225653846153844 0.2500469532293987 0.23527176282051285
0 0.8084072583518931 0.6084099262820513 0.2966271670378619 0.2684442692307692
0 0.705374732739421 0.36306946794871797 0.25094315812917595 0.23389228846153848
0 0.18629478396436527 0.24665591025641026 0.22263646325167039 0.19347339743589745
0 0.4014146636971047 0.0817837532051282 0.17104260579064587 0.16817288461538463
0 0.8087028218262806 0.14249991666666667 0.23631187082405344 0.2253739294871795
0 0.1538326525612472 0.6584664102564103 0.29654961692650333 0.2645027628205128
0 0.940888144766147 0.12906314423076923 0.14678877951002228 0.14986453846153847
0 0.08934159020044544 0.04947885576923077 0.10450866369710468 0.11299116025641026
0 0.5870896904231626 0.09574746794871795 0.14530830289532293 0.1566016987179487
