0 0.4827330689655172 0.2959428955555556 0.48795732758620686 0.25058109333333334
0 0.17415112356321838 0.4633900222222222 0.07656735057471264 0.04770266666666667
0 0.25220663505747126 0.4598089777777778 0.07790958620689654 0.045538395555555555
0 0.32600575 0.46315432 0.0725760632183908 0.04525520888888889
0 0.6306265545977012 0.4723310022222222 0.06903643103448276 0.03864466666666667
0 0.7046783678160919 0.464282 0.06771722988505748 0.03855229333333333
0 0.754044551724138 0.4617098577777778 0.06769480459770115 0.03910672
0 0.8432183936781609 0.4631388888888889 0.07437994252873563 0.045373333333333335
0 0.9146451034482759 0.46808026222222227 0.0781551724137931 0.04280276888888889
0 0.963063735632184 0.46784791333333337 0.06590045977011494 0.03959044888888889
