0 0.73392726 0.52826 0.3932524088888889 0.26695173890339424
0 0.5973174355555555 0.24193600261096607 0.3445049422222222 0.2318543550913838
0 0.07696459777777777 0.2059409765013055 0.10416418222222222 0.09236575456919059
0 0.048653197777777775 0.31736562924281986 0.11488828 0.10364218798955613
0 0.3846929711111111 0.37257556396866837 0.16876229777777776 0.13030508616187989
0 0.36012471555555553 0.2049341906005222 0.07045913333333334 0.06579286684073107
0 0.30636518444444444 0.23215887467362925 0.050809568888888886 0.053324428198433416
0 0.9529263711111111 0.2192456501305483 0.04613270666666667 0.03207253263707572
0 0.14225893777777776 0.3715747754569191 0.18846576888888888 0.1533059268929504
0 0.46395555555555557 0.3117536997389034 0.11736337333333334 0.10497219843342037
