0 0.23370779333333336 0.2788252626582279 0.27208694222222224 0.23336806962025317
0 0.4755074444444445 0.36853015822784807 0.18536184 0.1691713417721519
0 0.2516531733333333 0.8389109683544304 0.3021605333333333 0.28524874683544305
0 0.6186788066666666 0.4375083829113924 0.21539748 0.1859204240506329
0 0.7242687222222223 0.19547695569620255 0.1812199733333333 0.147838
0 0.6607384355555556 0.15185737974683544 0.1344446711111111 0.12627451265822784
0 0.027804233333333334 0.12651769620253164 0.0695703288888889 0.06733775316455697
0 0.09718820888888888 0.09249547784810126 0.0654108 0.06549036075949367
0 0.12686965777777778 0.12745709493670887 0.05802285333333333 0.06209596835443038
0 0.1423007 0.24177097468354433 0.09624037777777777 0.09236151265822784
0 0.34192315777777776 0.21937773417721518 0.08699492 0.0812832911392405
0 0.08127094888888889 0.4254080537974684 0.22548672444444445 0.2064969746835443
0 0.5603269377777778 0.14926047784810126 0.06702798222222223 0.07646981012658227
0 0.5599796133333333 0.215226164556962 0.06504728 0.07149132278481013
0 0.91752364 0.16143729113924052 0.10435542222222223 0.096257
