0 0.0687546488888889 0.15129947019867548 0.16676581777777777 0.15365298013245032
0 0.3566800177777778 0.11661169867549669 0.14362109777777776 0.14388679470198676
0 0.51307092 0.18836109933774836 0.16119493777777777 0.16013723841059602
0 0.6612463911111112 0.13097603642384106 0.14895779555555555 0.1402576953642384
0 0.8166331355555556 0.12777976821192052 0.14574285333333334 0.14577894701986754
0 0.6163621755555555 0.5161434039735099 0.24890668 0.24193637086092717
0 0.7948579466666666 0.5362421456953643 0.26217095555555553 0.2554775033112583
0 0.8532151933333334 0.7817637417218543 0.2752536844444444 0.29609982781456956
0 0.23487774888888888 0.336506 0.22282065777777776 0.23090239735099338
0 1.0 0.49173952980132446 0.17590640888888887 0.16851511258278146
