0 0.37574164810690425 0.2891525198938992 0.2795795100222717 0.20037029177718832
0 0.16206169265033407 0.4495995968169761 0.08550467706013362 0.07435809018567639
0 0.9584253897550112 0.5869838196286472 0.09744881959910913 0.07980477453580902
0 0.7202075723830735 0.5645692307692308 0.09215723830734966 0.07050291777188329
0 0.6657438752783964 0.5216700265251989 0.08820356347438753 0.0759787798408488
0 0.6571124721603563 0.45255676392572947 0.07203563474387528 0.06474005305039787
0 0.8818140311804009 0.48543846153846154 0.07475935412026725 0.07172572944297083
0 0.7564697104677061 0.5043346047745357 0.08105639643652562 0.06786366047745358
0 0.500358574610245 0.3471204217506631 0.03647368819599109 0.03253846153846154
0 0.5612561247216036 0.39298965517241385 0.06044276169265033 0.059429177718832896
0 0.07494387527839644 0.642536074270557 0.10474253897550112 0.09196392572944297
0 0.9519688195991092 0.4600543766578249 0.07195144766146992 0.06390185676392574
0 0.6153899777282851 0.45168010610079573 0.05936481069042317 0.05519416445623342
0 0.6529184855233853 0.39085278514588856 0.03739109131403118 0.0365893899204244
0 0.8098699331848552 0.46232387267904507 0.07112739420935411 0.06721538461538461
0 0.9131841870824053 0.529683023872679 0.07197906458797328 0.06600318302387267
0 0.8329621380846325 0.5185676392572944 0.07784053452115813 0.0782132625994695
0 0.98234855233853 0.5064212201591513 0.07934666369710468 0.063733299734748
0 0.8951013363028953 0.42335322811671083 0.052901113585746104 0.05264774535809018
0 0.9088318485523385 0.3793103448275862 0.043352338530066814 0.0414
0 0.7271625835189309 0.39807603978779843 0.03317817371937639 0.031754907161803715
0 0.9106126948775055 0.5932119363395225 0.07687750556792873 0.06678090185676393
