0 0.49567902298850575 0.2204236 0.2804067988505747 0.14403955555555556
0 0.03205539942528736 0.4414515755555556 0.16527133908045977 0.09137168444444445
0 0.16163491666666666 0.4779630733333333 0.15941474712643677 0.07809777777777778
0 0.17451159482758621 0.28394076 0.15349591379310346 0.085588
0 0.3939011494252873 0.10309994 0.15990689080459772 0.07968133333333334
0 0.44109430459770116 0.008245422222222222 0.16655688505747127 0.08444444444444445
0 0.788691091954023 0.010165555555555554 0.15727357471264367 0.08
0 0.6922213505747127 0.22815644000000002 0.15237355172413794 0.07347422222222222
0 0.8358945545977011 0.22096920222222224 0.1575284540229885 0.08581955555555555
0 0.9560665143678161 0.12132319777777778 0.15504781609195403 0.07448635555555555
