0 0.5108352829581994 0.1852788333333333 0.3969839807073955 0.21341299555555557
0 0.2989832797427653 0.643884 0.0984604501607717 0.04429288888888889
0 0.4028299035369775 0.6227668888888889 0.0985871382636656 0.041555999999999996
0 0.5068032154340836 0.6119948888888889 0.09202958199356914 0.03881911111111111
0 0.6061987138263666 0.6196468888888889 0.09982250803858521 0.044380444444444445
0 0.38526334405144697 0.7367704444444444 0.09215627009646302 0.03616977777777777
0 0.47884565916398714 0.7290744444444445 0.10242057877813504 0.04249733333333333
0 0.5620369774919614 0.7318113333333333 0.10872411575562702 0.04164355555555555
0 0.6418225080385852 0.7510891111111111 0.10105787781350482 0.041555999999999996
0 0.6964387749196141 0.7977677777777777 0.10242057877813504 0.04343911111111111
0 0.6996543408360129 0.6411471111111112 0.07916784565916399 0.03711155555555555
