0 0.36614202160493825 0.40435531219512194 0.27042156172839504 0.14550532682926828
0 0.1868360586419753 0.08067372439024391 0.1139985987654321 0.0652599024390244
0 0.3537379969135802 0.08457115609756098 0.0995800925925926 0.06071514634146342
0 0.1419753086419753 0.21829268292682927 0.11499943827160494 0.07317073170731707
0 0.16776001234567903 0.2727792268292683 0.12016443209876543 0.07048324878048781
0 0.3391135864197531 0.18567609268292684 0.1207901851851852 0.06491994634146342
0 0.13830062962962963 0.4555036756097561 0.11347792592592594 0.06667040975609756
0 0.1931948827160494 0.38341809024390244 0.1333301975308642 0.07584700487804878
0 0.4979398333333333 0.43058463902439026 0.11409396913580246 0.06890112195121952
0 0.02731216975308642 0.14078048780487804 0.10681845061728396 0.06305218048780488
